HD_11: 686.9884289233489 0.0 605.8668454344635 0.0 686.3604356973242 396.2850986349165 0.0 0.0 1.0
Kd_11: -0.013156890896291 0.007859534224627 -0.000187264474425 0.002740577030866 0.0
Tr_pan_to_cam_11: -0.0245 0.9996 -0.0131 -0.042 0.04 -0.0122 -0.9991 0.06 -0.9989 -0.025 -0.0397 -0.04